(kicad_pcb (version 4) (host pcbnew 4.0.5)

  (general
    (links 300)
    (no_connects 119)
    (area 59.868999 18.466999 161.365001 115.137001)
    (thickness 1.6)
    (drawings 4)
    (tracks 672)
    (zones 0)
    (modules 115)
    (nets 115)
  )

  (page A4)
  (layers
    (0 F.Cu signal)
    (31 B.Cu signal)
    (32 B.Adhes user)
    (33 F.Adhes user)
    (34 B.Paste user)
    (35 F.Paste user)
    (36 B.SilkS user)
    (37 F.SilkS user)
    (38 B.Mask user)
    (39 F.Mask user)
    (40 Dwgs.User user)
    (41 Cmts.User user)
    (42 Eco1.User user)
    (43 Eco2.User user)
    (44 Edge.Cuts user)
    (45 Margin user)
    (46 B.CrtYd user)
    (47 F.CrtYd user)
    (48 B.Fab user)
    (49 F.Fab user)
  )

  (setup
    (last_trace_width 1)
    (user_trace_width 0.25)
    (user_trace_width 0.5)
    (user_trace_width 0.75)
    (user_trace_width 1)
    (trace_clearance 0.2)
    (zone_clearance 0.508)
    (zone_45_only no)
    (trace_min 0.2)
    (segment_width 0.2)
    (edge_width 0.15)
    (via_size 0.6)
    (via_drill 0.3048)
    (via_min_size 0.4)
    (via_min_drill 0.3)
    (uvia_size 0.3)
    (uvia_drill 0.1)
    (uvias_allowed no)
    (uvia_min_size 0.2)
    (uvia_min_drill 0.1)
    (pcb_text_width 0.3)
    (pcb_text_size 1.5 1.5)
    (mod_edge_width 0.15)
    (mod_text_size 1 1)
    (mod_text_width 0.15)
    (pad_size 1.524 1.524)
    (pad_drill 0.762)
    (pad_to_mask_clearance 0.0762)
    (aux_axis_origin 0 0)
    (visible_elements 7FFEE7FF)
    (pcbplotparams
      (layerselection 0x00030_80000001)
      (usegerberextensions false)
      (excludeedgelayer true)
      (linewidth 0.100000)
      (plotframeref false)
      (viasonmask false)
      (mode 1)
      (useauxorigin false)
      (hpglpennumber 1)
      (hpglpenspeed 20)
      (hpglpendiameter 15)
      (hpglpenoverlay 2)
      (psnegative false)
      (psa4output false)
      (plotreference true)
      (plotvalue true)
      (plotinvisibletext false)
      (padsonsilk false)
      (subtractmaskfromsilk false)
      (outputformat 1)
      (mirror false)
      (drillshape 1)
      (scaleselection 1)
      (outputdirectory ""))
  )

  (net 0 "")
  (net 1 "Net-(C1-Pad1)")
  (net 2 GND)
  (net 3 "Net-(C2-Pad1)")
  (net 4 +3V3)
  (net 5 "Net-(C7-Pad1)")
  (net 6 "Net-(C8-Pad1)")
  (net 7 "Net-(C8-Pad2)")
  (net 8 +5V)
  (net 9 "Net-(C11-Pad2)")
  (net 10 "Net-(C12-Pad1)")
  (net 11 "Net-(C12-Pad2)")
  (net 12 "Net-(C13-Pad1)")
  (net 13 "Net-(C13-Pad2)")
  (net 14 "Net-(CON1-Pad1)")
  (net 15 "Net-(CON1-Pad5)")
  (net 16 "Net-(D1-Pad2)")
  (net 17 "Net-(D1-Pad1)")
  (net 18 "Net-(D2-Pad1)")
  (net 19 "Net-(D3-Pad2)")
  (net 20 "Net-(D3-Pad1)")
  (net 21 "Net-(D4-Pad1)")
  (net 22 "Net-(D7-Pad2)")
  (net 23 "Net-(D8-Pad2)")
  (net 24 "Net-(D9-Pad2)")
  (net 25 "Net-(D10-Pad2)")
  (net 26 "Net-(D11-Pad2)")
  (net 27 "Net-(D12-Pad2)")
  (net 28 "Net-(F1-Pad1)")
  (net 29 "Net-(F1-Pad2)")
  (net 30 /LED2)
  (net 31 /LED3)
  (net 32 /~FLASH_CS)
  (net 33 /SR_RCLK)
  (net 34 /SR_SER)
  (net 35 /SDA)
  (net 36 /SCL)
  (net 37 /MCU_RX)
  (net 38 /MCU_TX)
  (net 39 /~CAN_CS)
  (net 40 /SPIC_MOSI)
  (net 41 /SPIC_MISO)
  (net 42 /SPIC_SCK)
  (net 43 /PD_3)
  (net 44 /GPIO5)
  (net 45 /USB_D-)
  (net 46 /USB_D+)
  (net 47 /GPIO1)
  (net 48 /CURR_SENSE)
  (net 49 /LED1)
  (net 50 "Net-(L1-Pad2)")
  (net 51 /CANH)
  (net 52 /CANL)
  (net 53 "Net-(Q1-Pad2)")
  (net 54 "Net-(Q2-Pad1)")
  (net 55 "Net-(Q2-Pad3)")
  (net 56 "Net-(Q3-Pad3)")
  (net 57 "Net-(Q4-Pad3)")
  (net 58 "Net-(R13-Pad2)")
  (net 59 "Net-(R14-Pad2)")
  (net 60 "Net-(AFF1-Pad7)")
  (net 61 "Net-(R15-Pad2)")
  (net 62 "Net-(AFF1-Pad6)")
  (net 63 "Net-(R16-Pad2)")
  (net 64 "Net-(AFF1-Pad4)")
  (net 65 "Net-(R17-Pad2)")
  (net 66 "Net-(AFF1-Pad2)")
  (net 67 "Net-(R18-Pad2)")
  (net 68 "Net-(AFF1-Pad1)")
  (net 69 "Net-(R19-Pad2)")
  (net 70 "Net-(AFF1-Pad9)")
  (net 71 "Net-(R20-Pad2)")
  (net 72 "Net-(AFF1-Pad10)")
  (net 73 "Net-(R21-Pad2)")
  (net 74 "Net-(AFF2-Pad7)")
  (net 75 "Net-(R22-Pad2)")
  (net 76 "Net-(AFF2-Pad6)")
  (net 77 "Net-(R23-Pad2)")
  (net 78 "Net-(AFF2-Pad4)")
  (net 79 "Net-(R24-Pad2)")
  (net 80 "Net-(AFF2-Pad2)")
  (net 81 "Net-(R25-Pad2)")
  (net 82 "Net-(AFF2-Pad1)")
  (net 83 "Net-(R26-Pad2)")
  (net 84 "Net-(AFF2-Pad9)")
  (net 85 "Net-(R27-Pad2)")
  (net 86 "Net-(AFF2-Pad10)")
  (net 87 "Net-(R28-Pad2)")
  (net 88 /Serial_Rx)
  (net 89 /Serial_Tx)
  (net 90 "Net-(U6-Pad2)")
  (net 91 "Net-(U10-Pad4)")
  (net 92 "Net-(U10-Pad2)")
  (net 93 /SR_SRCLK)
  (net 94 /SR2_SER)
  (net 95 +12V)
  (net 96 /MC_ADC1)
  (net 97 /MC_ADC2)
  (net 98 /MC_ADC3)
  (net 99 "Net-(C17-Pad1)")
  (net 100 /Vpressure)
  (net 101 /Vtemp)
  (net 102 "Net-(C22-Pad2)")
  (net 103 "Net-(C23-Pad2)")
  (net 104 "Net-(C31-Pad1)")
  (net 105 /IMU_INT1)
  (net 106 /IMU_INT2)
  (net 107 "Net-(D5-Pad1)")
  (net 108 /ADC5)
  (net 109 /ADC6)
  (net 110 /ADC1)
  (net 111 /ADC2)
  (net 112 /ADC3)
  (net 113 /ADC4)
  (net 114 /~ADC_CS)

  (net_class Default "This is the default net class."
    (clearance 0.2)
    (trace_width 0.25)
    (via_dia 0.6)
    (via_drill 0.3048)
    (uvia_dia 0.3)
    (uvia_drill 0.1)
    (add_net +12V)
    (add_net +3V3)
    (add_net +5V)
    (add_net /ADC1)
    (add_net /ADC2)
    (add_net /ADC3)
    (add_net /ADC4)
    (add_net /ADC5)
    (add_net /ADC6)
    (add_net /CANH)
    (add_net /CANL)
    (add_net /CURR_SENSE)
    (add_net /GPIO1)
    (add_net /GPIO5)
    (add_net /IMU_INT1)
    (add_net /IMU_INT2)
    (add_net /LED1)
    (add_net /LED2)
    (add_net /LED3)
    (add_net /MCU_RX)
    (add_net /MCU_TX)
    (add_net /MC_ADC1)
    (add_net /MC_ADC2)
    (add_net /MC_ADC3)
    (add_net /PD_3)
    (add_net /SCL)
    (add_net /SDA)
    (add_net /SPIC_MISO)
    (add_net /SPIC_MOSI)
    (add_net /SPIC_SCK)
    (add_net /SR2_SER)
    (add_net /SR_RCLK)
    (add_net /SR_SER)
    (add_net /SR_SRCLK)
    (add_net /Serial_Rx)
    (add_net /Serial_Tx)
    (add_net /USB_D+)
    (add_net /USB_D-)
    (add_net /Vpressure)
    (add_net /Vtemp)
    (add_net /~ADC_CS)
    (add_net /~CAN_CS)
    (add_net /~FLASH_CS)
    (add_net GND)
    (add_net "Net-(AFF1-Pad1)")
    (add_net "Net-(AFF1-Pad10)")
    (add_net "Net-(AFF1-Pad2)")
    (add_net "Net-(AFF1-Pad4)")
    (add_net "Net-(AFF1-Pad6)")
    (add_net "Net-(AFF1-Pad7)")
    (add_net "Net-(AFF1-Pad9)")
    (add_net "Net-(AFF2-Pad1)")
    (add_net "Net-(AFF2-Pad10)")
    (add_net "Net-(AFF2-Pad2)")
    (add_net "Net-(AFF2-Pad4)")
    (add_net "Net-(AFF2-Pad6)")
    (add_net "Net-(AFF2-Pad7)")
    (add_net "Net-(AFF2-Pad9)")
    (add_net "Net-(C1-Pad1)")
    (add_net "Net-(C11-Pad2)")
    (add_net "Net-(C12-Pad1)")
    (add_net "Net-(C12-Pad2)")
    (add_net "Net-(C13-Pad1)")
    (add_net "Net-(C13-Pad2)")
    (add_net "Net-(C17-Pad1)")
    (add_net "Net-(C2-Pad1)")
    (add_net "Net-(C22-Pad2)")
    (add_net "Net-(C23-Pad2)")
    (add_net "Net-(C31-Pad1)")
    (add_net "Net-(C7-Pad1)")
    (add_net "Net-(C8-Pad1)")
    (add_net "Net-(C8-Pad2)")
    (add_net "Net-(CON1-Pad1)")
    (add_net "Net-(CON1-Pad5)")
    (add_net "Net-(D1-Pad1)")
    (add_net "Net-(D1-Pad2)")
    (add_net "Net-(D10-Pad2)")
    (add_net "Net-(D11-Pad2)")
    (add_net "Net-(D12-Pad2)")
    (add_net "Net-(D2-Pad1)")
    (add_net "Net-(D3-Pad1)")
    (add_net "Net-(D3-Pad2)")
    (add_net "Net-(D4-Pad1)")
    (add_net "Net-(D5-Pad1)")
    (add_net "Net-(D7-Pad2)")
    (add_net "Net-(D8-Pad2)")
    (add_net "Net-(D9-Pad2)")
    (add_net "Net-(F1-Pad1)")
    (add_net "Net-(F1-Pad2)")
    (add_net "Net-(L1-Pad2)")
    (add_net "Net-(Q1-Pad2)")
    (add_net "Net-(Q2-Pad1)")
    (add_net "Net-(Q2-Pad3)")
    (add_net "Net-(Q3-Pad3)")
    (add_net "Net-(Q4-Pad3)")
    (add_net "Net-(R13-Pad2)")
    (add_net "Net-(R14-Pad2)")
    (add_net "Net-(R15-Pad2)")
    (add_net "Net-(R16-Pad2)")
    (add_net "Net-(R17-Pad2)")
    (add_net "Net-(R18-Pad2)")
    (add_net "Net-(R19-Pad2)")
    (add_net "Net-(R20-Pad2)")
    (add_net "Net-(R21-Pad2)")
    (add_net "Net-(R22-Pad2)")
    (add_net "Net-(R23-Pad2)")
    (add_net "Net-(R24-Pad2)")
    (add_net "Net-(R25-Pad2)")
    (add_net "Net-(R26-Pad2)")
    (add_net "Net-(R27-Pad2)")
    (add_net "Net-(R28-Pad2)")
    (add_net "Net-(U10-Pad2)")
    (add_net "Net-(U10-Pad4)")
    (add_net "Net-(U6-Pad2)")
  )

  (module Housings_SOIC:SOIC-18W_7.5x11.6mm_Pitch1.27mm (layer F.Cu) (tedit 5750353E) (tstamp 5873C0D4)
    (at 90.678 78.232)
    (descr "18-Lead Plastic Small Outline (SO) - Wide, 7.50 mm Body [SOIC] (see Microchip Packaging Specification 00000049BS.pdf)")
    (tags "SOIC 1.27")
    (path /587011DC)
    (attr smd)
    (fp_text reference U4 (at 0 -6.875) (layer F.SilkS)
      (effects (font (size 1 1) (thickness 0.15)))
    )
    (fp_text value HI-3110 (at 0 6.875) (layer F.Fab)
      (effects (font (size 1 1) (thickness 0.15)))
    )
    (fp_line (start -2.75 -5.8) (end 3.75 -5.8) (layer F.Fab) (width 0.15))
    (fp_line (start 3.75 -5.8) (end 3.75 5.8) (layer F.Fab) (width 0.15))
    (fp_line (start 3.75 5.8) (end -3.75 5.8) (layer F.Fab) (width 0.15))
    (fp_line (start -3.75 5.8) (end -3.75 -4.8) (layer F.Fab) (width 0.15))
    (fp_line (start -3.75 -4.8) (end -2.75 -5.8) (layer F.Fab) (width 0.15))
    (fp_line (start -5.95 -6.15) (end -5.95 6.15) (layer F.CrtYd) (width 0.05))
    (fp_line (start 5.95 -6.15) (end 5.95 6.15) (layer F.CrtYd) (width 0.05))
    (fp_line (start -5.95 -6.15) (end 5.95 -6.15) (layer F.CrtYd) (width 0.05))
    (fp_line (start -5.95 6.15) (end 5.95 6.15) (layer F.CrtYd) (width 0.05))
    (fp_line (start -3.875 -5.95) (end -3.875 -5.7) (layer F.SilkS) (width 0.15))
    (fp_line (start 3.875 -5.95) (end 3.875 -5.605) (layer F.SilkS) (width 0.15))
    (fp_line (start 3.875 5.95) (end 3.875 5.605) (layer F.SilkS) (width 0.15))
    (fp_line (start -3.875 5.95) (end -3.875 5.605) (layer F.SilkS) (width 0.15))
    (fp_line (start -3.875 -5.95) (end 3.875 -5.95) (layer F.SilkS) (width 0.15))
    (fp_line (start -3.875 5.95) (end 3.875 5.95) (layer F.SilkS) (width 0.15))
    (fp_line (start -3.875 -5.7) (end -5.7 -5.7) (layer F.SilkS) (width 0.15))
    (pad 1 smd rect (at -4.7 -5.08) (size 2 0.6) (layers F.Cu F.Paste F.Mask)
      (net 4 +3V3))
    (pad 2 smd rect (at -4.7 -3.81) (size 2 0.6) (layers F.Cu F.Paste F.Mask))
    (pad 3 smd rect (at -4.7 -2.54) (size 2 0.6) (layers F.Cu F.Paste F.Mask))
    (pad 4 smd rect (at -4.7 -1.27) (size 2 0.6) (layers F.Cu F.Paste F.Mask)
      (net 17 "Net-(D1-Pad1)"))
    (pad 5 smd rect (at -4.7 0) (size 2 0.6) (layers F.Cu F.Paste F.Mask)
      (net 20 "Net-(D3-Pad1)"))
    (pad 6 smd rect (at -4.7 1.27) (size 2 0.6) (layers F.Cu F.Paste F.Mask)
      (net 4 +3V3))
    (pad 7 smd rect (at -4.7 2.54) (size 2 0.6) (layers F.Cu F.Paste F.Mask))
    (pad 8 smd rect (at -4.7 3.81) (size 2 0.6) (layers F.Cu F.Paste F.Mask)
      (net 2 GND))
    (pad 9 smd rect (at -4.7 5.08) (size 2 0.6) (layers F.Cu F.Paste F.Mask)
      (net 52 /CANL))
    (pad 10 smd rect (at 4.7 5.08) (size 2 0.6) (layers F.Cu F.Paste F.Mask)
      (net 51 /CANH))
    (pad 11 smd rect (at 4.7 3.81) (size 2 0.6) (layers F.Cu F.Paste F.Mask)
      (net 8 +5V))
    (pad 12 smd rect (at 4.7 2.54) (size 2 0.6) (layers F.Cu F.Paste F.Mask))
    (pad 13 smd rect (at 4.7 1.27) (size 2 0.6) (layers F.Cu F.Paste F.Mask)
      (net 42 /SPIC_SCK))
    (pad 14 smd rect (at 4.7 0) (size 2 0.6) (layers F.Cu F.Paste F.Mask)
      (net 40 /SPIC_MOSI))
    (pad 15 smd rect (at 4.7 -1.27) (size 2 0.6) (layers F.Cu F.Paste F.Mask)
      (net 41 /SPIC_MISO))
    (pad 16 smd rect (at 4.7 -2.54) (size 2 0.6) (layers F.Cu F.Paste F.Mask)
      (net 39 /~CAN_CS))
    (pad 17 smd rect (at 4.7 -3.81) (size 2 0.6) (layers F.Cu F.Paste F.Mask))
    (pad 18 smd rect (at 4.7 -5.08) (size 2 0.6) (layers F.Cu F.Paste F.Mask))
    (model Housings_SOIC.3dshapes/SOIC-18_7.5x11.6mm_Pitch1.27mm.wrl
      (at (xyz 0 0 0))
      (scale (xyz 1 1 1))
      (rotate (xyz 0 0 0))
    )
  )

  (module Housings_SOIC:SOIC-8_3.9x4.9mm_Pitch1.27mm (layer F.Cu) (tedit 54130A77) (tstamp 5873C1C4)
    (at 106.68 61.722)
    (descr "8-Lead Plastic Small Outline (SN) - Narrow, 3.90 mm Body [SOIC] (see Microchip Packaging Specification 00000049BS.pdf)")
    (tags "SOIC 1.27")
    (path /5873D75A)
    (attr smd)
    (fp_text reference U14 (at 0 -3.5) (layer F.SilkS)
      (effects (font (size 1 1) (thickness 0.15)))
    )
    (fp_text value AT25SF041 (at 0 3.5) (layer F.Fab)
      (effects (font (size 1 1) (thickness 0.15)))
    )
    (fp_line (start -0.95 -2.45) (end 1.95 -2.45) (layer F.Fab) (width 0.15))
    (fp_line (start 1.95 -2.45) (end 1.95 2.45) (layer F.Fab) (width 0.15))
    (fp_line (start 1.95 2.45) (end -1.95 2.45) (layer F.Fab) (width 0.15))
    (fp_line (start -1.95 2.45) (end -1.95 -1.45) (layer F.Fab) (width 0.15))
    (fp_line (start -1.95 -1.45) (end -0.95 -2.45) (layer F.Fab) (width 0.15))
    (fp_line (start -3.75 -2.75) (end -3.75 2.75) (layer F.CrtYd) (width 0.05))
    (fp_line (start 3.75 -2.75) (end 3.75 2.75) (layer F.CrtYd) (width 0.05))
    (fp_line (start -3.75 -2.75) (end 3.75 -2.75) (layer F.CrtYd) (width 0.05))
    (fp_line (start -3.75 2.75) (end 3.75 2.75) (layer F.CrtYd) (width 0.05))
    (fp_line (start -2.075 -2.575) (end -2.075 -2.525) (layer F.SilkS) (width 0.15))
    (fp_line (start 2.075 -2.575) (end 2.075 -2.43) (layer F.SilkS) (width 0.15))
    (fp_line (start 2.075 2.575) (end 2.075 2.43) (layer F.SilkS) (width 0.15))
    (fp_line (start -2.075 2.575) (end -2.075 2.43) (layer F.SilkS) (width 0.15))
    (fp_line (start -2.075 -2.575) (end 2.075 -2.575) (layer F.SilkS) (width 0.15))
    (fp_line (start -2.075 2.575) (end 2.075 2.575) (layer F.SilkS) (width 0.15))
    (fp_line (start -2.075 -2.525) (end -3.475 -2.525) (layer F.SilkS) (width 0.15))
    (pad 1 smd rect (at -2.7 -1.905) (size 1.55 0.6) (layers F.Cu F.Paste F.Mask)
      (net 32 /~FLASH_CS))
    (pad 2 smd rect (at -2.7 -0.635) (size 1.55 0.6) (layers F.Cu F.Paste F.Mask)
      (net 41 /SPIC_MISO))
    (pad 3 smd rect (at -2.7 0.635) (size 1.55 0.6) (layers F.Cu F.Paste F.Mask))
    (pad 4 smd rect (at -2.7 1.905) (size 1.55 0.6) (layers F.Cu F.Paste F.Mask)
      (net 2 GND))
    (pad 5 smd rect (at 2.7 1.905) (size 1.55 0.6) (layers F.Cu F.Paste F.Mask)
      (net 40 /SPIC_MOSI))
    (pad 6 smd rect (at 2.7 0.635) (size 1.55 0.6) (layers F.Cu F.Paste F.Mask)
      (net 42 /SPIC_SCK))
    (pad 7 smd rect (at 2.7 -0.635) (size 1.55 0.6) (layers F.Cu F.Paste F.Mask))
    (pad 8 smd rect (at 2.7 -1.905) (size 1.55 0.6) (layers F.Cu F.Paste F.Mask)
      (net 4 +3V3))
    (model Housings_SOIC.3dshapes/SOIC-8_3.9x4.9mm_Pitch1.27mm.wrl
      (at (xyz 0 0 0))
      (scale (xyz 1 1 1))
      (rotate (xyz 0 0 0))
    )
  )

  (module atxmega:C_0805 (layer F.Cu) (tedit 5637BA9A) (tstamp 5873BC9F)
    (at 105.156 32.766 180)
    (descr "Capacitor SMD 0805, reflow soldering, AVX (see smccp.pdf)")
    (tags "capacitor 0805")
    (path /5870554D)
    (attr smd)
    (fp_text reference C1 (at 0 -2.1 180) (layer F.SilkS)
      (effects (font (size 1 1) (thickness 0.15)))
    )
    (fp_text value 18pF (at 0 2.1 180) (layer F.Fab)
      (effects (font (size 1 1) (thickness 0.15)))
    )
    (fp_line (start -1.8 -1) (end 1.8 -1) (layer F.CrtYd) (width 0.05))
    (fp_line (start -1.8 1) (end 1.8 1) (layer F.CrtYd) (width 0.05))
    (fp_line (start -1.8 -1) (end -1.8 1) (layer F.CrtYd) (width 0.05))
    (fp_line (start 1.8 -1) (end 1.8 1) (layer F.CrtYd) (width 0.05))
    (fp_line (start 0.6096 -0.889) (end -0.6096 -0.889) (layer F.SilkS) (width 0.15))
    (fp_line (start -0.6096 0.889) (end 0.6096 0.889) (layer F.SilkS) (width 0.15))
    (pad 1 smd rect (at -1.143 0 180) (size 1.27 1.524) (layers F.Cu F.Paste F.Mask)
      (net 1 "Net-(C1-Pad1)"))
    (pad 2 smd rect (at 1.143 0 180) (size 1.27 1.524) (layers F.Cu F.Paste F.Mask)
      (net 2 GND))
    (model Capacitors_SMD.3dshapes/C_0805.wrl
      (at (xyz 0 0 0))
      (scale (xyz 1 1 1))
      (rotate (xyz 0 0 0))
    )
  )

  (module atxmega:C_0805 (layer F.Cu) (tedit 5637BA9A) (tstamp 5873BCAB)
    (at 100.838 32.766)
    (descr "Capacitor SMD 0805, reflow soldering, AVX (see smccp.pdf)")
    (tags "capacitor 0805")
    (path /587055A0)
    (attr smd)
    (fp_text reference C2 (at 0 -2.1) (layer F.SilkS)
      (effects (font (size 1 1) (thickness 0.15)))
    )
    (fp_text value 18pF (at 0 2.1) (layer F.Fab)
      (effects (font (size 1 1) (thickness 0.15)))
    )
    (fp_line (start -1.8 -1) (end 1.8 -1) (layer F.CrtYd) (width 0.05))
    (fp_line (start -1.8 1) (end 1.8 1) (layer F.CrtYd) (width 0.05))
    (fp_line (start -1.8 -1) (end -1.8 1) (layer F.CrtYd) (width 0.05))
    (fp_line (start 1.8 -1) (end 1.8 1) (layer F.CrtYd) (width 0.05))
    (fp_line (start 0.6096 -0.889) (end -0.6096 -0.889) (layer F.SilkS) (width 0.15))
    (fp_line (start -0.6096 0.889) (end 0.6096 0.889) (layer F.SilkS) (width 0.15))
    (pad 1 smd rect (at -1.143 0) (size 1.27 1.524) (layers F.Cu F.Paste F.Mask)
      (net 3 "Net-(C2-Pad1)"))
    (pad 2 smd rect (at 1.143 0) (size 1.27 1.524) (layers F.Cu F.Paste F.Mask)
      (net 2 GND))
    (model Capacitors_SMD.3dshapes/C_0805.wrl
      (at (xyz 0 0 0))
      (scale (xyz 1 1 1))
      (rotate (xyz 0 0 0))
    )
  )

  (module atxmega:C_0805 (layer B.Cu) (tedit 5637BA9A) (tstamp 5873BCB7)
    (at 104.14 46.228 90)
    (descr "Capacitor SMD 0805, reflow soldering, AVX (see smccp.pdf)")
    (tags "capacitor 0805")
    (path /587038CC)
    (attr smd)
    (fp_text reference C3 (at 0 2.1 90) (layer B.SilkS)
      (effects (font (size 1 1) (thickness 0.15)) (justify mirror))
    )
    (fp_text value 0.1uF (at 0 -2.1 90) (layer B.Fab)
      (effects (font (size 1 1) (thickness 0.15)) (justify mirror))
    )
    (fp_line (start -1.8 1) (end 1.8 1) (layer B.CrtYd) (width 0.05))
    (fp_line (start -1.8 -1) (end 1.8 -1) (layer B.CrtYd) (width 0.05))
    (fp_line (start -1.8 1) (end -1.8 -1) (layer B.CrtYd) (width 0.05))
    (fp_line (start 1.8 1) (end 1.8 -1) (layer B.CrtYd) (width 0.05))
    (fp_line (start 0.6096 0.889) (end -0.6096 0.889) (layer B.SilkS) (width 0.15))
    (fp_line (start -0.6096 -0.889) (end 0.6096 -0.889) (layer B.SilkS) (width 0.15))
    (pad 1 smd rect (at -1.143 0 90) (size 1.27 1.524) (layers B.Cu B.Paste B.Mask)
      (net 2 GND))
    (pad 2 smd rect (at 1.143 0 90) (size 1.27 1.524) (layers B.Cu B.Paste B.Mask)
      (net 4 +3V3))
    (model Capacitors_SMD.3dshapes/C_0805.wrl
      (at (xyz 0 0 0))
      (scale (xyz 1 1 1))
      (rotate (xyz 0 0 0))
    )
  )

  (module atxmega:C_0805 (layer B.Cu) (tedit 5637BA9A) (tstamp 5873BCC3)
    (at 102.362 50.927)
    (descr "Capacitor SMD 0805, reflow soldering, AVX (see smccp.pdf)")
    (tags "capacitor 0805")
    (path /5870393D)
    (attr smd)
    (fp_text reference C4 (at 0 2.1) (layer B.SilkS)
      (effects (font (size 1 1) (thickness 0.15)) (justify mirror))
    )
    (fp_text value 0.1uF (at 0 -2.1) (layer B.Fab)
      (effects (font (size 1 1) (thickness 0.15)) (justify mirror))
    )
    (fp_line (start -1.8 1) (end 1.8 1) (layer B.CrtYd) (width 0.05))
    (fp_line (start -1.8 -1) (end 1.8 -1) (layer B.CrtYd) (width 0.05))
    (fp_line (start -1.8 1) (end -1.8 -1) (layer B.CrtYd) (width 0.05))
    (fp_line (start 1.8 1) (end 1.8 -1) (layer B.CrtYd) (width 0.05))
    (fp_line (start 0.6096 0.889) (end -0.6096 0.889) (layer B.SilkS) (width 0.15))
    (fp_line (start -0.6096 -0.889) (end 0.6096 -0.889) (layer B.SilkS) (width 0.15))
    (pad 1 smd rect (at -1.143 0) (size 1.27 1.524) (layers B.Cu B.Paste B.Mask)
      (net 2 GND))
    (pad 2 smd rect (at 1.143 0) (size 1.27 1.524) (layers B.Cu B.Paste B.Mask)
      (net 4 +3V3))
    (model Capacitors_SMD.3dshapes/C_0805.wrl
      (at (xyz 0 0 0))
      (scale (xyz 1 1 1))
      (rotate (xyz 0 0 0))
    )
  )

  (module atxmega:C_0805 (layer B.Cu) (tedit 5637BA9A) (tstamp 5873BCCF)
    (at 98.044 49.784 270)
    (descr "Capacitor SMD 0805, reflow soldering, AVX (see smccp.pdf)")
    (tags "capacitor 0805")
    (path /5870398D)
    (attr smd)
    (fp_text reference C5 (at 0 2.1 270) (layer B.SilkS)
      (effects (font (size 1 1) (thickness 0.15)) (justify mirror))
    )
    (fp_text value 0.1uF (at 0 -2.1 270) (layer B.Fab)
      (effects (font (size 1 1) (thickness 0.15)) (justify mirror))
    )
    (fp_line (start -1.8 1) (end 1.8 1) (layer B.CrtYd) (width 0.05))
    (fp_line (start -1.8 -1) (end 1.8 -1) (layer B.CrtYd) (width 0.05))
    (fp_line (start -1.8 1) (end -1.8 -1) (layer B.CrtYd) (width 0.05))
    (fp_line (start 1.8 1) (end 1.8 -1) (layer B.CrtYd) (width 0.05))
    (fp_line (start 0.6096 0.889) (end -0.6096 0.889) (layer B.SilkS) (width 0.15))
    (fp_line (start -0.6096 -0.889) (end 0.6096 -0.889) (layer B.SilkS) (width 0.15))
    (pad 1 smd rect (at -1.143 0 270) (size 1.27 1.524) (layers B.Cu B.Paste B.Mask)
      (net 2 GND))
    (pad 2 smd rect (at 1.143 0 270) (size 1.27 1.524) (layers B.Cu B.Paste B.Mask)
      (net 4 +3V3))
    (model Capacitors_SMD.3dshapes/C_0805.wrl
      (at (xyz 0 0 0))
      (scale (xyz 1 1 1))
      (rotate (xyz 0 0 0))
    )
  )

  (module atxmega:C_0805 (layer B.Cu) (tedit 5637BA9A) (tstamp 5873BCDB)
    (at 101.092 44.704 180)
    (descr "Capacitor SMD 0805, reflow soldering, AVX (see smccp.pdf)")
    (tags "capacitor 0805")
    (path /587039DE)
    (attr smd)
    (fp_text reference C6 (at 0 2.1 180) (layer B.SilkS)
      (effects (font (size 1 1) (thickness 0.15)) (justify mirror))
    )
    (fp_text value 0.1uF (at 0 -2.1 180) (layer B.Fab)
      (effects (font (size 1 1) (thickness 0.15)) (justify mirror))
    )
    (fp_line (start -1.8 1) (end 1.8 1) (layer B.CrtYd) (width 0.05))
    (fp_line (start -1.8 -1) (end 1.8 -1) (layer B.CrtYd) (width 0.05))
    (fp_line (start -1.8 1) (end -1.8 -1) (layer B.CrtYd) (width 0.05))
    (fp_line (start 1.8 1) (end 1.8 -1) (layer B.CrtYd) (width 0.05))
    (fp_line (start 0.6096 0.889) (end -0.6096 0.889) (layer B.SilkS) (width 0.15))
    (fp_line (start -0.6096 -0.889) (end 0.6096 -0.889) (layer B.SilkS) (width 0.15))
    (pad 1 smd rect (at -1.143 0 180) (size 1.27 1.524) (layers B.Cu B.Paste B.Mask)
      (net 2 GND))
    (pad 2 smd rect (at 1.143 0 180) (size 1.27 1.524) (layers B.Cu B.Paste B.Mask)
      (net 4 +3V3))
    (model Capacitors_SMD.3dshapes/C_0805.wrl
      (at (xyz 0 0 0))
      (scale (xyz 1 1 1))
      (rotate (xyz 0 0 0))
    )
  )

  (module atxmega:C_0805 (layer F.Cu) (tedit 5637BA9A) (tstamp 5873BCE7)
    (at 94.234 68.072 90)
    (descr "Capacitor SMD 0805, reflow soldering, AVX (see smccp.pdf)")
    (tags "capacitor 0805")
    (path /58706B27)
    (attr smd)
    (fp_text reference C7 (at 0 -2.1 90) (layer F.SilkS)
      (effects (font (size 1 1) (thickness 0.15)))
    )
    (fp_text value 0.1uF (at 0 2.1 90) (layer F.Fab)
      (effects (font (size 1 1) (thickness 0.15)))
    )
    (fp_line (start -1.8 -1) (end 1.8 -1) (layer F.CrtYd) (width 0.05))
    (fp_line (start -1.8 1) (end 1.8 1) (layer F.CrtYd) (width 0.05))
    (fp_line (start -1.8 -1) (end -1.8 1) (layer F.CrtYd) (width 0.05))
    (fp_line (start 1.8 -1) (end 1.8 1) (layer F.CrtYd) (width 0.05))
    (fp_line (start 0.6096 -0.889) (end -0.6096 -0.889) (layer F.SilkS) (width 0.15))
    (fp_line (start -0.6096 0.889) (end 0.6096 0.889) (layer F.SilkS) (width 0.15))
    (pad 1 smd rect (at -1.143 0 90) (size 1.27 1.524) (layers F.Cu F.Paste F.Mask)
      (net 5 "Net-(C7-Pad1)"))
    (pad 2 smd rect (at 1.143 0 90) (size 1.27 1.524) (layers F.Cu F.Paste F.Mask)
      (net 4 +3V3))
    (model Capacitors_SMD.3dshapes/C_0805.wrl
      (at (xyz 0 0 0))
      (scale (xyz 1 1 1))
      (rotate (xyz 0 0 0))
    )
  )

  (module atxmega:C_0805 (layer B.Cu) (tedit 5637BA9A) (tstamp 5873BCF3)
    (at 91.948 68.072 90)
    (descr "Capacitor SMD 0805, reflow soldering, AVX (see smccp.pdf)")
    (tags "capacitor 0805")
    (path /58706C2F)
    (attr smd)
    (fp_text reference C8 (at 0 2.1 90) (layer B.SilkS)
      (effects (font (size 1 1) (thickness 0.15)) (justify mirror))
    )
    (fp_text value 0.1uF (at 0 -2.1 90) (layer B.Fab)
      (effects (font (size 1 1) (thickness 0.15)) (justify mirror))
    )
    (fp_line (start -1.8 1) (end 1.8 1) (layer B.CrtYd) (width 0.05))
    (fp_line (start -1.8 -1) (end 1.8 -1) (layer B.CrtYd) (width 0.05))
    (fp_line (start -1.8 1) (end -1.8 -1) (layer B.CrtYd) (width 0.05))
    (fp_line (start 1.8 1) (end 1.8 -1) (layer B.CrtYd) (width 0.05))
    (fp_line (start 0.6096 0.889) (end -0.6096 0.889) (layer B.SilkS) (width 0.15))
    (fp_line (start -0.6096 -0.889) (end 0.6096 -0.889) (layer B.SilkS) (width 0.15))
    (pad 1 smd rect (at -1.143 0 90) (size 1.27 1.524) (layers B.Cu B.Paste B.Mask)
      (net 6 "Net-(C8-Pad1)"))
    (pad 2 smd rect (at 1.143 0 90) (size 1.27 1.524) (layers B.Cu B.Paste B.Mask)
      (net 7 "Net-(C8-Pad2)"))
    (model Capacitors_SMD.3dshapes/C_0805.wrl
      (at (xyz 0 0 0))
      (scale (xyz 1 1 1))
      (rotate (xyz 0 0 0))
    )
  )

  (module atxmega:C_0805 (layer F.Cu) (tedit 5637BA9A) (tstamp 5873BCFF)
    (at 137.541 80.772 180)
    (descr "Capacitor SMD 0805, reflow soldering, AVX (see smccp.pdf)")
    (tags "capacitor 0805")
    (path /58751CFC)
    (attr smd)
    (fp_text reference C9 (at 0 -2.1 180) (layer F.SilkS)
      (effects (font (size 1 1) (thickness 0.15)))
    )
    (fp_text value 0.47uF (at 0 2.1 180) (layer F.Fab)
      (effects (font (size 1 1) (thickness 0.15)))
    )
    (fp_line (start -1.8 -1) (end 1.8 -1) (layer F.CrtYd) (width 0.05))
    (fp_line (start -1.8 1) (end 1.8 1) (layer F.CrtYd) (width 0.05))
    (fp_line (start -1.8 -1) (end -1.8 1) (layer F.CrtYd) (width 0.05))
    (fp_line (start 1.8 -1) (end 1.8 1) (layer F.CrtYd) (width 0.05))
    (fp_line (start 0.6096 -0.889) (end -0.6096 -0.889) (layer F.SilkS) (width 0.15))
    (fp_line (start -0.6096 0.889) (end 0.6096 0.889) (layer F.SilkS) (width 0.15))
    (pad 1 smd rect (at -1.143 0 180) (size 1.27 1.524) (layers F.Cu F.Paste F.Mask)
      (net 8 +5V))
    (pad 2 smd rect (at 1.143 0 180) (size 1.27 1.524) (layers F.Cu F.Paste F.Mask)
      (net 2 GND))
    (model Capacitors_SMD.3dshapes/C_0805.wrl
      (at (xyz 0 0 0))
      (scale (xyz 1 1 1))
      (rotate (xyz 0 0 0))
    )
  )

  (module atxmega:C_0805 (layer B.Cu) (tedit 5637BA9A) (tstamp 5873BD0B)
    (at 86.106 64.262 270)
    (descr "Capacitor SMD 0805, reflow soldering, AVX (see smccp.pdf)")
    (tags "capacitor 0805")
    (path /587064D0)
    (attr smd)
    (fp_text reference C11 (at 0 2.1 270) (layer B.SilkS)
      (effects (font (size 1 1) (thickness 0.15)) (justify mirror))
    )
    (fp_text value 0.1uF (at 0 -2.1 270) (layer B.Fab)
      (effects (font (size 1 1) (thickness 0.15)) (justify mirror))
    )
    (fp_line (start -1.8 1) (end 1.8 1) (layer B.CrtYd) (width 0.05))
    (fp_line (start -1.8 -1) (end 1.8 -1) (layer B.CrtYd) (width 0.05))
    (fp_line (start -1.8 1) (end -1.8 -1) (layer B.CrtYd) (width 0.05))
    (fp_line (start 1.8 1) (end 1.8 -1) (layer B.CrtYd) (width 0.05))
    (fp_line (start 0.6096 0.889) (end -0.6096 0.889) (layer B.SilkS) (width 0.15))
    (fp_line (start -0.6096 -0.889) (end 0.6096 -0.889) (layer B.SilkS) (width 0.15))
    (pad 1 smd rect (at -1.143 0 270) (size 1.27 1.524) (layers B.Cu B.Paste B.Mask)
      (net 2 GND))
    (pad 2 smd rect (at 1.143 0 270) (size 1.27 1.524) (layers B.Cu B.Paste B.Mask)
      (net 9 "Net-(C11-Pad2)"))
    (model Capacitors_SMD.3dshapes/C_0805.wrl
      (at (xyz 0 0 0))
      (scale (xyz 1 1 1))
      (rotate (xyz 0 0 0))
    )
  )

  (module atxmega:C_0805 (layer B.Cu) (tedit 5637BA9A) (tstamp 5873BD17)
    (at 89.154 65.532)
    (descr "Capacitor SMD 0805, reflow soldering, AVX (see smccp.pdf)")
    (tags "capacitor 0805")
    (path /58706771)
    (attr smd)
    (fp_text reference C12 (at 0 2.1) (layer B.SilkS)
      (effects (font (size 1 1) (thickness 0.15)) (justify mirror))
    )
    (fp_text value 0.1uF (at 0 -2.1) (layer B.Fab)
      (effects (font (size 1 1) (thickness 0.15)) (justify mirror))
    )
    (fp_line (start -1.8 1) (end 1.8 1) (layer B.CrtYd) (width 0.05))
    (fp_line (start -1.8 -1) (end 1.8 -1) (layer B.CrtYd) (width 0.05))
    (fp_line (start -1.8 1) (end -1.8 -1) (layer B.CrtYd) (width 0.05))
    (fp_line (start 1.8 1) (end 1.8 -1) (layer B.CrtYd) (width 0.05))
    (fp_line (start 0.6096 0.889) (end -0.6096 0.889) (layer B.SilkS) (width 0.15))
    (fp_line (start -0.6096 -0.889) (end 0.6096 -0.889) (layer B.SilkS) (width 0.15))
    (pad 1 smd rect (at -1.143 0) (size 1.27 1.524) (layers B.Cu B.Paste B.Mask)
      (net 10 "Net-(C12-Pad1)"))
    (pad 2 smd rect (at 1.143 0) (size 1.27 1.524) (layers B.Cu B.Paste B.Mask)
      (net 11 "Net-(C12-Pad2)"))
    (model Capacitors_SMD.3dshapes/C_0805.wrl
      (at (xyz 0 0 0))
      (scale (xyz 1 1 1))
      (rotate (xyz 0 0 0))
    )
  )

  (module atxmega:C_0805 (layer B.Cu) (tedit 5637BA9A) (tstamp 5873BD23)
    (at 86.106 68.326 270)
    (descr "Capacitor SMD 0805, reflow soldering, AVX (see smccp.pdf)")
    (tags "capacitor 0805")
    (path /58706869)
    (attr smd)
    (fp_text reference C13 (at 0 2.1 270) (layer B.SilkS)
      (effects (font (size 1 1) (thickness 0.15)) (justify mirror))
    )
    (fp_text value 0.1uF (at 0 -2.1 270) (layer B.Fab)
      (effects (font (size 1 1) (thickness 0.15)) (justify mirror))
    )
    (fp_line (start -1.8 1) (end 1.8 1) (layer B.CrtYd) (width 0.05))
    (fp_line (start -1.8 -1) (end 1.8 -1) (layer B.CrtYd) (width 0.05))
    (fp_line (start -1.8 1) (end -1.8 -1) (layer B.CrtYd) (width 0.05))
    (fp_line (start 1.8 1) (end 1.8 -1) (layer B.CrtYd) (width 0.05))
    (fp_line (start 0.6096 0.889) (end -0.6096 0.889) (layer B.SilkS) (width 0.15))
    (fp_line (start -0.6096 -0.889) (end 0.6096 -0.889) (layer B.SilkS) (width 0.15))
    (pad 1 smd rect (at -1.143 0 270) (size 1.27 1.524) (layers B.Cu B.Paste B.Mask)
      (net 12 "Net-(C13-Pad1)"))
    (pad 2 smd rect (at 1.143 0 270) (size 1.27 1.524) (layers B.Cu B.Paste B.Mask)
      (net 13 "Net-(C13-Pad2)"))
    (model Capacitors_SMD.3dshapes/C_0805.wrl
      (at (xyz 0 0 0))
      (scale (xyz 1 1 1))
      (rotate (xyz 0 0 0))
    )
  )

  (module atxmega:C_0805 (layer F.Cu) (tedit 5637BA9A) (tstamp 5873BD2F)
    (at 141.478 82.296)
    (descr "Capacitor SMD 0805, reflow soldering, AVX (see smccp.pdf)")
    (tags "capacitor 0805")
    (path /5874C0B5)
    (attr smd)
    (fp_text reference C14 (at 0 -2.1) (layer F.SilkS)
      (effects (font (size 1 1) (thickness 0.15)))
    )
    (fp_text value 0.1uF (at 0 2.1) (layer F.Fab)
      (effects (font (size 1 1) (thickness 0.15)))
    )
    (fp_line (start -1.8 -1) (end 1.8 -1) (layer F.CrtYd) (width 0.05))
    (fp_line (start -1.8 1) (end 1.8 1) (layer F.CrtYd) (width 0.05))
    (fp_line (start -1.8 -1) (end -1.8 1) (layer F.CrtYd) (width 0.05))
    (fp_line (start 1.8 -1) (end 1.8 1) (layer F.CrtYd) (width 0.05))
    (fp_line (start 0.6096 -0.889) (end -0.6096 -0.889) (layer F.SilkS) (width 0.15))
    (fp_line (start -0.6096 0.889) (end 0.6096 0.889) (layer F.SilkS) (width 0.15))
    (pad 1 smd rect (at -1.143 0) (size 1.27 1.524) (layers F.Cu F.Paste F.Mask)
      (net 8 +5V))
    (pad 2 smd rect (at 1.143 0) (size 1.27 1.524) (layers F.Cu F.Paste F.Mask)
      (net 2 GND))
    (model Capacitors_SMD.3dshapes/C_0805.wrl
      (at (xyz 0 0 0))
      (scale (xyz 1 1 1))
      (rotate (xyz 0 0 0))
    )
  )

  (module atxmega:C_0805 (layer F.Cu) (tedit 5637BA9A) (tstamp 5873BD3B)
    (at 129.032 69.215 270)
    (descr "Capacitor SMD 0805, reflow soldering, AVX (see smccp.pdf)")
    (tags "capacitor 0805")
    (path /5873C257)
    (attr smd)
    (fp_text reference C15 (at 0 -2.1 360) (layer F.SilkS)
      (effects (font (size 1 1) (thickness 0.15)))
    )
    (fp_text value 10uF (at 0 2.1 270) (layer F.Fab)
      (effects (font (size 1 1) (thickness 0.15)))
    )
    (fp_line (start -1.8 -1) (end 1.8 -1) (layer F.CrtYd) (width 0.05))
    (fp_line (start -1.8 1) (end 1.8 1) (layer F.CrtYd) (width 0.05))
    (fp_line (start -1.8 -1) (end -1.8 1) (layer F.CrtYd) (width 0.05))
    (fp_line (start 1.8 -1) (end 1.8 1) (layer F.CrtYd) (width 0.05))
    (fp_line (start 0.6096 -0.889) (end -0.6096 -0.889) (layer F.SilkS) (width 0.15))
    (fp_line (start -0.6096 0.889) (end 0.6096 0.889) (layer F.SilkS) (width 0.15))
    (pad 1 smd rect (at -1.143 0 270) (size 1.27 1.524) (layers F.Cu F.Paste F.Mask)
      (net 95 +12V))
    (pad 2 smd rect (at 1.143 0 270) (size 1.27 1.524) (layers F.Cu F.Paste F.Mask)
      (net 2 GND))
    (model Capacitors_SMD.3dshapes/C_0805.wrl
      (at (xyz 0 0 0))
      (scale (xyz 1 1 1))
      (rotate (xyz 0 0 0))
    )
  )

  (module atxmega:C_0805 (layer F.Cu) (tedit 5637BA9A) (tstamp 5873BD47)
    (at 131.572 69.215 270)
    (descr "Capacitor SMD 0805, reflow soldering, AVX (see smccp.pdf)")
    (tags "capacitor 0805")
    (path /5873C340)
    (attr smd)
    (fp_text reference C16 (at 0 -2.1 270) (layer F.SilkS)
      (effects (font (size 1 1) (thickness 0.15)))
    )
    (fp_text value 0.1uF (at 0 2.1 270) (layer F.Fab)
      (effects (font (size 1 1) (thickness 0.15)))
    )
    (fp_line (start -1.8 -1) (end 1.8 -1) (layer F.CrtYd) (width 0.05))
    (fp_line (start -1.8 1) (end 1.8 1) (layer F.CrtYd) (width 0.05))
    (fp_line (start -1.8 -1) (end -1.8 1) (layer F.CrtYd) (width 0.05))
    (fp_line (start 1.8 -1) (end 1.8 1) (layer F.CrtYd) (width 0.05))
    (fp_line (start 0.6096 -0.889) (end -0.6096 -0.889) (layer F.SilkS) (width 0.15))
    (fp_line (start -0.6096 0.889) (end 0.6096 0.889) (layer F.SilkS) (width 0.15))
    (pad 1 smd rect (at -1.143 0 270) (size 1.27 1.524) (layers F.Cu F.Paste F.Mask)
      (net 95 +12V))
    (pad 2 smd rect (at 1.143 0 270) (size 1.27 1.524) (layers F.Cu F.Paste F.Mask)
      (net 2 GND))
    (model Capacitors_SMD.3dshapes/C_0805.wrl
      (at (xyz 0 0 0))
      (scale (xyz 1 1 1))
      (rotate (xyz 0 0 0))
    )
  )

  (module Pin_Headers:Pin_Header_Straight_2x03_Pitch2.54mm (layer F.Cu) (tedit 5862ED53) (tstamp 5873BD51)
    (at 118.872 33.528 270)
    (descr "Through hole straight pin header, 2x03, 2.54mm pitch, double rows")
    (tags "Through hole pin header THT 2x03 2.54mm double row")
    (path /58701234)
    (fp_text reference CON1 (at 1.27 -2.39 270) (layer F.SilkS)
      (effects (font (size 1 1) (thickness 0.15)))
    )
    (fp_text value AVR-PDI-6 (at 1.27 7.47 270) (layer F.Fab)
      (effects (font (size 1 1) (thickness 0.15)))
    )
    (fp_line (start -1.27 -1.27) (end -1.27 6.35) (layer F.Fab) (width 0.1))
    (fp_line (start -1.27 6.35) (end 3.81 6.35) (layer F.Fab) (width 0.1))
    (fp_line (start 3.81 6.35) (end 3.81 -1.27) (layer F.Fab) (width 0.1))
    (fp_line (start 3.81 -1.27) (end -1.27 -1.27) (layer F.Fab) (width 0.1))
    (fp_line (start -1.39 1.27) (end -1.39 6.47) (layer F.SilkS) (width 0.12))
    (fp_line (start -1.39 6.47) (end 3.93 6.47) (layer F.SilkS) (width 0.12))
    (fp_line (start 3.93 6.47) (end 3.93 -1.39) (layer F.SilkS) (width 0.12))
    (fp_line (start 3.93 -1.39) (end 1.27 -1.39) (layer F.SilkS) (width 0.12))
    (fp_line (start 1.27 -1.39) (end 1.27 1.27) (layer F.SilkS) (width 0.12))
    (fp_line (start 1.27 1.27) (end -1.39 1.27) (layer F.SilkS) (width 0.12))
    (fp_line (start -1.39 0) (end -1.39 -1.39) (layer F.SilkS) (width 0.12))
    (fp_line (start -1.39 -1.39) (end 0 -1.39) (layer F.SilkS) (width 0.12))
    (fp_line (start -1.6 -1.6) (end -1.6 6.6) (layer F.CrtYd) (width 0.05))
    (fp_line (start -1.6 6.6) (end 4.1 6.6) (layer F.CrtYd) (width 0.05))
    (fp_line (start 4.1 6.6) (end 4.1 -1.6) (layer F.CrtYd) (width 0.05))
    (fp_line (start 4.1 -1.6) (end -1.6 -1.6) (layer F.CrtYd) (width 0.05))
    (pad 1 thru_hole rect (at 0 0 270) (size 1.7 1.7) (drill 1) (layers *.Cu *.Mask)
      (net 14 "Net-(CON1-Pad1)"))
    (pad 2 thru_hole oval (at 2.54 0 270) (size 1.7 1.7) (drill 1) (layers *.Cu *.Mask)
      (net 4 +3V3))
    (pad 3 thru_hole oval (at 0 2.54 270) (size 1.7 1.7) (drill 1) (layers *.Cu *.Mask))
    (pad 4 thru_hole oval (at 2.54 2.54 270) (size 1.7 1.7) (drill 1) (layers *.Cu *.Mask))
    (pad 5 thru_hole oval (at 0 5.08 270) (size 1.7 1.7) (drill 1) (layers *.Cu *.Mask)
      (net 15 "Net-(CON1-Pad5)"))
    (pad 6 thru_hole oval (at 2.54 5.08 270) (size 1.7 1.7) (drill 1) (layers *.Cu *.Mask)
      (net 2 GND))
    (model Pin_Headers.3dshapes/Pin_Header_Straight_2x03_Pitch2.54mm.wrl
      (at (xyz 0.05 -0.1 0))
      (scale (xyz 1 1 1))
      (rotate (xyz 0 0 90))
    )
  )

  (module atxmega:LED_0805 (layer F.Cu) (tedit 5830AA31) (tstamp 5873BD6C)
    (at 83.058 78.232 270)
    (descr "LED 0805 smd package")
    (tags "LED 0805 SMD")
    (path /5870D649)
    (attr smd)
    (fp_text reference D1 (at 0 -1.75 270) (layer F.SilkS)
      (effects (font (size 1 1) (thickness 0.15)))
    )
    (fp_text value LED (at 0 1.75 270) (layer F.Fab)
      (effects (font (size 1 1) (thickness 0.15)))
    )
    (fp_line (start -0.4 -0.3) (end -0.4 0.3) (layer F.Fab) (width 0.15))
    (fp_line (start -0.3 0) (end 0 -0.3) (layer F.Fab) (width 0.15))
    (fp_line (start 0 0.3) (end -0.3 0) (layer F.Fab) (width 0.15))
    (fp_line (start 0 -0.3) (end 0 0.3) (layer F.Fab) (width 0.15))
    (fp_line (start 1 -0.6) (end -1 -0.6) (layer F.Fab) (width 0.15))
    (fp_line (start 1 0.6) (end 1 -0.6) (layer F.Fab) (width 0.15))
    (fp_line (start -1 0.6) (end 1 0.6) (layer F.Fab) (width 0.15))
    (fp_line (start -1 -0.6) (end -1 0.6) (layer F.Fab) (width 0.15))
    (fp_line (start -1.016 0.889) (end 1.016 0.889) (layer F.SilkS) (width 0.15))
    (fp_line (start -1.016 -0.889) (end 1.016 -0.889) (layer F.SilkS) (width 0.15))
    (fp_line (start -0.1 0.15) (end -0.1 -0.1) (layer F.SilkS) (width 0.15))
    (fp_line (start -0.1 -0.1) (end -0.25 0.05) (layer F.SilkS) (width 0.15))
    (fp_line (start -0.35 -0.35) (end -0.35 0.35) (layer F.SilkS) (width 0.15))
    (fp_line (start 0 0) (end 0.35 0) (layer F.SilkS) (width 0.15))
    (fp_line (start -0.35 0) (end 0 -0.35) (layer F.SilkS) (width 0.15))
    (fp_line (start 0 -0.35) (end 0 0.35) (layer F.SilkS) (width 0.15))
    (fp_line (start 0 0.35) (end -0.35 0) (layer F.SilkS) (width 0.15))
    (fp_line (start 1.9 -0.95) (end 1.9 0.95) (layer F.CrtYd) (width 0.05))
    (fp_line (start 1.9 0.95) (end -1.9 0.95) (layer F.CrtYd) (width 0.05))
    (fp_line (start -1.9 0.95) (end -1.9 -0.95) (layer F.CrtYd) (width 0.05))
    (fp_line (start -1.9 -0.95) (end 1.9 -0.95) (layer F.CrtYd) (width 0.05))
    (pad 2 smd rect (at 1.143 0 90) (size 1.27 1.524) (layers F.Cu F.Paste F.Mask)
      (net 16 "Net-(D1-Pad2)"))
    (pad 1 smd rect (at -1.143 0 90) (size 1.27 1.524) (layers F.Cu F.Paste F.Mask)
      (net 17 "Net-(D1-Pad1)"))
    (model LEDs.3dshapes/LED_0805.wrl
      (at (xyz 0 0 0))
      (scale (xyz 1 1 1))
      (rotate (xyz 0 0 0))
    )
  )

  (module atxmega:LED_0805 (layer F.Cu) (tedit 5830AA31) (tstamp 5873BD87)
    (at 83.058 74.168 270)
    (descr "LED 0805 smd package")
    (tags "LED 0805 SMD")
    (path /5870D64F)
    (attr smd)
    (fp_text reference D2 (at 0 -1.75 270) (layer F.SilkS)
      (effects (font (size 1 1) (thickness 0.15)))
    )
    (fp_text value LED (at 0 1.75 270) (layer F.Fab)
      (effects (font (size 1 1) (thickness 0.15)))
    )
    (fp_line (start -0.4 -0.3) (end -0.4 0.3) (layer F.Fab) (width 0.15))
    (fp_line (start -0.3 0) (end 0 -0.3) (layer F.Fab) (width 0.15))
    (fp_line (start 0 0.3) (end -0.3 0) (layer F.Fab) (width 0.15))
    (fp_line (start 0 -0.3) (end 0 0.3) (layer F.Fab) (width 0.15))
    (fp_line (start 1 -0.6) (end -1 -0.6) (layer F.Fab) (width 0.15))
    (fp_line (start 1 0.6) (end 1 -0.6) (layer F.Fab) (width 0.15))
    (fp_line (start -1 0.6) (end 1 0.6) (layer F.Fab) (width 0.15))
    (fp_line (start -1 -0.6) (end -1 0.6) (layer F.Fab) (width 0.15))
    (fp_line (start -1.016 0.889) (end 1.016 0.889) (layer F.SilkS) (width 0.15))
    (fp_line (start -1.016 -0.889) (end 1.016 -0.889) (layer F.SilkS) (width 0.15))
    (fp_line (start -0.1 0.15) (end -0.1 -0.1) (layer F.SilkS) (width 0.15))
